//ID Level Up Cost
0 0
1 500
2 528
3 557
4 587
5 619
6 653
7 689
8 727
9 767
10 810
11 854
12 901
13 948
14 997
15 1049
16 1104
17 1159
18 1217
19 1278
20 1341
21 1408
22 1479
23 1553
24 1631
25 1699
26 1770
27 1845
28 1922
29 2003
30 2087
31 2175
32 2266
33 2361
34 2460
35 2564
36 2671
37 2784
38 2900
39 3022
40 3149
41 3256
42 3367
43 3482
44 3600
45 3722
46 3849
47 3980
48 4115
49 4255
50 4400
51 4549
52 4704
53 4864
54 5029
55 5200
56 5330
57 5463
58 5600
59 5740
60 5883
61 6031
62 6181
63 6336
64 6494
65 6657
66 6823
67 6994
68 7168
69 7348
70 7531
71 7697
72 7866
73 8039
74 8216
75 8397
76 8582
77 8771
78 8964
79 9161
80 9362
81 9568
82 9779
83 9994
84 10214
85 10438
86 10668
87 10903
88 11143
89 11388
90 11638
91 11836
92 12037
93 12242
94 12450
95 12662
96 12877
97 13096
98 13319
99 13545
100 13775
101 14009
102 14248
103 14490
104 14736
105 14987
106 15241
107 15501
108 15764
109 16032
110 16305
111 16582
112 16864
113 17150
114 17442
115 17738
116 18005
117 18275
118 18549
119 18827
120 19109
121 19396
122 19687
123 19982
124 20282
125 20586
126 20895
127 21208
128 21527
129 21849
130 22177
131 22510
132 22847
133 23190
134 23538
135 23891
136 24249
137 24613
138 24982
139 25357
140 25738
141 26124
142 26515
143 26913
144 27317
145 27727
146 28143
147 28565
148 28993
149 29428
150 29869
151 30317
152 30772
153 31234
154 31702
155 32178
156 32661
157 33150
158 33648
159 34152
160 34665
161 35185
162 35712
163 36248
164 36792
165 37344
166 37904
167 38472
168 39050
169 39635
170 40230
171 40713
172 41201
173 41696
174 42196
175 42702
176 43215
177 43733
178 44258
179 44789
180 45327
181 45689
182 46055
183 46423
184 46795
185 47169
186 47546
187 47927
188 48310
189 48697
190 49086
191 49479
192 49875
193 50274
194 50676
195 51081
196 51490
197 51902
198 52317
199 52736
200 53157
201 55018
202 56944
203 58937
204 60999
205 63134
206 65344
207 67631
208 69998
209 72448
210 74984
211 77608
212 80324
213 83136
214 86046
215 89057
216 92174
217 95400
218 98739
219 102195
220 105772
221 109474
222 113306
223 117271
224 121376
225 125624
226 130021
227 134572
228 139282
229 144156
230 149202
231 154424
232 159829
233 165423
234 171213
235 177205
236 183407
237 189826
238 196470
239 203347
240 210464
241 217830
242 225454
243 233345
244 241512
245 249965
246 258714
247 267769
248 277141
249 286841
250 296880
251 297622
252 298367
253 299112
254 299860
255 300610
256 301361
257 302115
258 302870
259 303627
260 304386
261 305147
262 305910
263 306675
264 307442
265 308210
266 308981
267 309753
268 310528
269 311304
270 312082
271 312862
272 313645
273 314429
274 315215
275 316003
276 316793
277 317585
278 318379
279 319175
280 319973
281 320772
282 321574
283 322378
284 323184
285 323992
286 324802
287 325614
288 326428
289 327244
290 328062
291 328883
292 329705
293 330529
294 331355
295 332184
296 333014
297 333847
298 334681
299 335518
300 336357
301 337198
302 338041
303 338886
304 339733
305 340582
306 341434
307 342287
308 343143
309 344001
310 344861
311 345723
312 346588
313 347454
314 348323
315 349193
316 350066
317 350942
318 351819
319 352698
320 353580
321 354464
322 355350
323 356239
324 357129
325 358022
326 358917
327 359814
328 360714
329 361616
330 362520
331 363426
332 364335
333 365246
334 366159
335 367074
336 367992
337 368912
338 369834
339 370759
340 371685
341 372615
342 373546
343 374480
344 375416
345 376355
346 377296
347 378239
348 379185
349 380133
350 381083
351 382036
352 382991
353 383948
354 384908
355 385870
356 386835
357 387802
358 388772
359 389743
360 390718
361 391695
362 392674
363 393656
364 394640
365 395626
366 396615
367 397607
368 398601
369 399597
370 400596
371 401598
372 402602
373 403608
374 404617
375 405629
376 406643
377 407660
378 408679
379 409700
380 410725
381 411752
382 412781
383 413813
384 414847
385 415885
386 416924
387 417967
388 419011
389 420059
390 421109
391 422162
392 423217
393 424275
394 425336
395 426399
396 427465
397 428534
398 429605
399 430679
400 431756
401 432835
402 433918
403 435002
404 436090
405 437180
406 438273
407 439369
408 440467
409 441568
410 442672
411 443779
412 444888
413 446001
414 447116
415 448233
416 449354
417 450477
418 451604
419 452733
420 453864
421 454999
422 456137
423 457277
424 458420
425 459566
426 460715
427 461867
428 463022
429 464179
430 465340
431 466503
432 467669
433 468838
434 470010
435 471185
436 472363
437 473544
438 474728
439 475915
440 477105
441 478298
442 479493
443 480692
444 481894
445 483098
446 484306
447 485517
448 486731
449 487948
450 489167
451 490390
452 491616
453 492845
454 494078
455 495313
456 496551
457 497792
458 499037
459 500284
460 501535
461 502789
462 504046
463 505306
464 506569
465 507836
466 509105
467 510378
468 511654
469 512933
470 514216
471 515501
472 516790
473 518082
474 519377
475 520675
476 521977
477 523282
478 524590
479 525902
480 527217
481 528535
482 529856
483 531181
484 532508
485 533840
486 535174
487 536512
488 537854
489 539198
490 540546
491 541898
492 543252
493 544610
494 545972
495 547337
496 548705
497 550077
498 551452
499 552831
500 554213
501 555598
502 556987
503 558380
504 559776
505 561175
506 562578
507 563985
508 565395
509 566808
510 568225
511 569646
512 571070
513 572497
514 573929
515 575364
516 576802
517 578244
518 579690
519 581139
520 582592
521 584048
522 585508
523 586972
524 588439
525 589911
526 591385
527 592864
528 594346
529 595832
530 597321
531 598815
532 600312
533 601812
534 603317
535 604825
536 606337
537 607853
538 609373
539 610896
540 612424
541 613955
542 615489
543 617028
544 618571
545 620117
546 621667
547 623222
548 624780
549 626342
550 627908
551 629477
552 631051
553 632629
554 634210
555 635796
556 637385
557 638979
558 640576
559 642178
560 643783
561 645392
562 647006
563 648623
564 650245
565 651871
566 653500
567 655134
568 656772
569 658414
570 660060
571 661710
572 663364
573 665023
574 666685
575 668352
576 670023
577 671698
578 673377
579 675061
580 676748
581 678440
582 680136
583 681837
584 683541
585 685250
586 686963
587 688681
588 690402
589 692128
590 693859
591 695593
592 697332
593 699075
594 700823
595 702575
596 704332
597 706093
598 707858
599 709627
600 711401
601 713180
602 714963
603 716750
604 718542
605 720339
606 722139
607 723945
608 725755
609 727569
610 729388
611 731211
612 733039
613 734872
614 736709
615 738551
616 740397
617 742248
618 744104
619 745964
620 747829
621 749699
622 751573
623 753452
624 755336
625 757224
626 759117
627 761015
628 762917
629 764825
630 766737
631 768653
632 770575
633 772502
634 774433
635 776369
636 778310
637 780256
638 782206
639 784162
640 786122
641 788087
642 790058
643 792033
644 794013
645 795998
646 797988
647 799983
648 801983
649 803988
650 805998
651 808013
652 810033
653 812058
654 814088
655 816123
656 818164
657 820209
658 822259
659 824315
660 826376
661 828442
662 830513
663 832589
664 834671
665 836757
666 838849
667 840946
668 843049
669 845156
670 847269
671 849387
672 851511
673 853640
674 855774
675 857913
676 860058
677 862208
678 864364
679 866525
680 868691
681 870863
682 873040
683 875222
684 877410
685 879604
686 881803
687 884007
688 886217
689 888433
690 890654
691 892881
692 895113
693 897351
694 899594
695 901843
696 904098
697 906358
698 908624
699 910895
700 913173
701 915456
702 917744
703 920039
704 922339
705 924644
706 926956
707 929273
708 931597
709 933926
710 936260
711 938601
712 940948
713 943300
714 945658
715 948022
716 950392
717 952768
718 955150
719 957538
720 959932
721 962332
722 964738
723 967150
724 969567
725 971991
726 974421
727 976857
728 979300
729 981748
730 984202
731 986663
732 989129
733 991602
734 994081
735 996566
736 999058
737 1001555
738 1004059
739 1006569
740 1009086
741 1011609
742 1014138
743 1016673
744 1019215
745 1021763
746 1024317
747 1026878
748 1029445
749 1032019
750 1034599
751 1037185
752 1039778
753 1042378
754 1044984
755 1047596
756 1050215
757 1052841
758 1055473
759 1058111
760 1060757
761 1063409
762 1066067
763 1068732
764 1071404
765 1074083
766 1076768
767 1079460
768 1082158
769 1084864
770 1087576
771 1090295
772 1093021
773 1095753
774 1098492
775 1101239
776 1103992
777 1106752
778 1109519
779 1112292
780 1115073
781 1117861
782 1120656
783 1123457
784 1126266
785 1129081
786 1131904
787 1134734
788 1137571
789 1140415
790 1143266
791 1146124
792 1148989
793 1151862
794 1154741
795 1157628
796 1160522
797 1163424
798 1166332
799 1169248
800 1172171
801 1175102
802 1178039
803 1180984
804 1183937
805 1186897
806 1189864
807 1192839
808 1195821
809 1198810
810 1201807
811 1204812
812 1207824
813 1210843
814 1213870
815 1216905
816 1219947
817 1222997
818 1226055
819 1229120
820 1232193
821 1235273
822 1238361
823 1241457
824 1244561
825 1247672
826 1250792
827 1253918
828 1257053
829 1260196
830 1263346
831 1266505
832 1269671
833 1272845
834 1276027
835 1279217
836 1282415
837 1285621
838 1288836
839 1292058
840 1295288
841 1298526
842 1301772
843 1305027
844 1308289
845 1311560
846 1314839
847 1318126
848 1321421
849 1324725
850 1328037
999 100000